void main()
{
    l_U0 = 0;
    l_U1 = 0;
    l_U2 = 0;
    l_U3 = 0;
    l_U4 = 0;
    l_U5 = 1;
    l_U6 = 0;
    l_U7 = 0;
    l_U8 = 0;
    l_U9 = 1;
    l_U10 = 0;
    l_U11 = 0;
    l_U12 = 0;
    l_U13 = 0;
    l_U14 = 0;
    l_U15 = 0;
    l_U16 = 0;
    l_U17 = 0;
    l_U18 = 0;
    l_U19 = 1;
    l_U20 = 0;
    l_U21 = 0;
    l_U22 = 0;
    l_U23 = 0;
    l_U24 = 0;
    l_U25 = 0;
    l_U26 = 0;
    l_U27 = 1;
    l_U28 = 1;
    l_U29 = 0;
    l_U30 = 0;
    l_U31 = 0;
    l_U32 = 0;
    l_U33 = 0;
    l_U34 = 0;
    l_U35 = 0;
    l_U1180 = 90.00000000;
    l_U1181 = 5.00000000;
    l_U1182 = 25.00000000;
    l_U1183 = 15.00000000;
    l_U1184 = 2.00000000;
    l_U1185 = 4.00000000;
    l_U1186 = 0.50000000;
    l_U1187 = 120.00000000;
    l_U1188 = 0.00000000;
    l_U1189 = 0.00000000;
    l_U1191 = 1.00000000;
    l_U1192 = 0.00000000;
    l_U1193 = 1.00000000;
    l_U1194 = 10.00000000;
    l_U1195 = 30.00000000;
    l_U1197 = 1.00000000;
    l_U1199 = 1.00000000;
    l_U1200 = 5.00000000;
    l_U1201 = 1.00000000;
    l_U1202 = 1.00000000;
    l_U1207 = 0.30000000;
    l_U1208 = 0.50000000;
    l_U1209 = 50.00000000;
    l_U1615 = 0;
    l_U1616 = 0;
    l_U1617 = 0;
    l_U1618 = 0;
    l_U1619 = 1;
    l_U1620 = 0;
    l_U1621 = 0;
    l_U1622 = 0;
    l_U1623 = 0;
    l_U1624 = -1;
    l_U1625 = 0;
    l_U1626 = 0;
    l_U1627 = 0;
    l_U1628 = 0;
    l_U1629 = 0;
    l_U1630 = 0;
    l_U1631 = 0;
    l_U2804 = 0;
    l_U2805 = 0;
    return;
}

