void main()
{
    l_U0 = 86.00000000;
    l_U1 = 274.00000000;
    l_U104 = 0;
    l_U105 = 1;
    l_U106 = 3;
    l_U108 = 0;
    l_U109 = -1;
    l_U110 = 0;
    l_U111 = 0;
    l_U116 = 1;
    return;
}

